INDEX OF PROPER NAMEs Am> PLACES. 299

02514161, Iouis, 11.. 28.
0219111, 1., 129.
02111116 (carlile), Earl 61, 1., 85; 11.,
258.
- 11., 46.
02116916 (0211697), Lord David, 11., 97,
167.
0211611116 (0211611161), 11., 65.
0211611116, 11., 276.
02161111(161161211111), 1.. 166.
0214161111, 11., 58.
0111111296, 1., 157.
0211161161, 1., xlx, 216, 251, 11., 26, 21,
85, 282.
cassarius (02116116), 11., 59, 66.
0211111121, 122, 266, 288; 11., 87.
02111161, 61.
0216,1., 159, 169, 189; 11., 98.
0211111111,1.,197.
027161, 11., 257. ·
012116112916111211111601621), 1., 186, 182,
183.
charles 1., 1., 111111, 5, 4, 9, 15, 77, 84, 85,
88, 89, 95158, 261, 276, 11.,51,
851931 Ῑ431 Ῑ441 ι4151 ¹47214⁸2 149,
152, 154, 155, 156, 157,161,163,
165, 166, 171, 198, 265, 258, 252.
- 11., 1., 126, 156, 2491 11., 56, 97, 161
162.
- 1111.ο11“12166,1.,1’84.
- Ρ11166,1., 181; 11., 95.
0112161116121111, 1111116 11, 11., 166.
011112, 11., 5.
011111116, Rev. Dr. John, 11., 26.
Christian lv.. 1.. 66, 82.
016616, 1., 57, 49; 11., 280.
01216166, 11111661, 1., 184, 185.
0121611161, 1., 249.
012111, james, 11., 258, 246.
0166412112, 11., 281.
017116, 11., 46, 266, 262.
061611119611211167, 11., 11.
0111111611, 129ς 11., 78.
Comyn, 11., 265.
06126111, 1., 8.
“ 0651121111, Ρ611111,” 1., 254.
Corinth, 1111116161, 1., 112

06116 (06112111, 01611), 11111121112111161,
1., 1751 11., 86.

- 1.,176,178.
01111, 1., 175.
012191161 11, 1., 564.
0121916121, 1., 175; 11., 86.
012191161, 11., 91.
0121116111, 11., 275.
01161161, 81121161, 1, 292.

“” lady* Ι·1 2971 ²99·
Cromwell, 1., 4.
01111161, 11., 14.
0111161, 11211111)1 61, 1., 129 ; 11., 89.
011161161, 1161116161, 11., 85.
0114121 611116, 1., 4 ; 11., 269.
07411112111661, 11., 157.
026611,1.,75.

1121111161, Henry, 1., 4, 8.
11211219, 1., 175.
1121111161, 54, 186, 288.
1121121211111,1116111112111 (82111111, 11211111711,
157,158.
Darnaway, 11., 164.
1121116111, 99.
David. 86616116116161).
- 1., 27, 52, 222.
David 11., 1., 265.
112νί61, Sir John, 11., 148, 158.
1166, 1,, 128,132; 11., 276, 278.
1161216111 (Τ111126111), 1., 225, 228.
- 116111,11.,ΧΧΧ111.,17,18,28,57,58.
- Anne, 11., 57.
-- Μ21161Μ2112), 1., 255 ; 11., 16, 17, 24.
116 la Tremouille, Duc, 11., 16, 17.
116111, 1,, 46, 175.
1)6111411161,Τ1161121, 1., 8, 14.
1161111111, Κ119 61, 1., 54, 76, 187.
- 1., xx11, 86.
116116161, 11., 55.
Derby, Charlotte, 0611116111 61, 11., 17.
1161151, 11., 171.
1161116111, 11., 89.
1161921161, 11., 72.
1161616111, 11611611, 1., 81.
11616161 (11616111), 11., 284.
1111612, Baton, 1., 76.

 

