302 mnu 01² 81108811 mas Auo mem

(122222. 1.. 2942 11.. 59, 252.
(12999, 119927, 1., 87.
fmssoev υἷ’· L· 75·

(1297, 812 Audeat, 1., 55, 82.
(1211192, 12229, 1., 4.

(112111, Dr„ 1., 247, 11,, 76.
(1122122222, 1., Χ111, 74.
(12218219, John, 11, 229.

11211199299, 822191, 11, 95, 99.
- 222922, 229.

‘¹' 11.‚3,34,265.
1121119, 8229991 91, 11,, 85.
11219 91 8929922119, 1., 84.
1129111199122992, 1122129 91, 11,, 299.
““ Marqui· oi,11„63,88,90,95.
- 8121199222, 11, 99.
-- 1., 24.
11292916(11229912992),1, 296, 299.
11221222, 11,, 282, 285.
1122199199, 812 John, 1., 84, 87.
11222112929199, 1., 229, 11, 47.
1127, 812 (199299, 1., 86.
- 81292291, 11,, 66.
- 8229912,11.,66, 298.
- Georze.1·.s.1oo.1o1.23³.23s; 11..
97, 259.
- (1118921,11.,297,298.
- james, 11.. 258.
- 1121192,11.,76.
- 22111199,21, 292.
- 112292291,11.,25,297.
- Sophia, 1., 292, 295, 595 ; 11,, 24, 66,
297.
*111272,” 11,, 96.
Heidelberg, 1, 11111, 76, 77, 82, 82, 84, 85,
225.
Heinsius, Daniel, 1., 25.
Η9921111,11., 225, 252.
119927 11, 1., 284, 285.
- 8212299, 1., 85, 262.
1199219122 Μ221291822999, 1., 84, 85, 282 ;
11, 249, 257, 258.
Hepburn (Heiborn), 1., 82.
11921921, 11111112291921, 1., 225, 228, 288.
- 8120912211, 1., 82.
- 11121119,1.,225.

119229,1.,287.
119792, 8121229122, 1., 82.
Hibernia, 11,, 255.
11911291, 822191, 11,, 296.
11911291, 1., 5, 25, 44, 46,64, 82, 275, 11.. 252.
- 8121929111, 296
119172991, 1., 87, 11, 56.
1199192, 11198221, 11, 222.
Romu» L, ¹39⁸ ι952 2812 285, 307 i llw 952
12⁹. 1⁶⁹‚235·
Hope, 11292922, 11, 68, 69.
1199919229, 11,, 68.
Horace, 1.. 288, 297, 229, 288, 11,, 228.
11229117, 11229212 91, 1., 295, 11, 299, 285,
285, 286.
- (199299812211122911129111, 299,
295.
- (199299, Second 1199912961, 295
stffmmmm
- 822191, 11, 294, 275.
- 899299, Second 8221911, 592.
- 1119229192,Τ12121822191,1.,592.
- (199299, 812112 822191, 11, 299.
- 162291199922 91, 1., 592, 11, 289.
- (39291922 91, 11,, 294.
- 1., 294, 292299, 11,,66, 299, 272.
1122921)92,1,29.
1122929 (22222192), 1., 82.
“ 1171222,” 11,, 25.

India, 1., 97, 222, 11.. 155· 285.
lnverkeithney, 1.. 292.

19292199127, 11, 255, 285, 286, 287.
1922929922, 11, 285, 286.

1929222219 (19292927), 11,, 282, 285.
1291291, 1., 258, 275, 11,, 249.
1221992 (119119 911129), 1., 25.
12192, 1199211, Lord 911129, 1., 229.
122291, Children 91, 1., 248.

Ister, 1., 29, 65, 64.

Italy, 1., ΧΧ11., 11,, 255.

James 1. 91 8991291 and vl. 9189911291,
1822299999
822 832 842 86, 872 892 9¹· 9²9 932

94, 96, 97, 224, 282, 225, 229, 225,
249, 259, 269, 262 , 11,, 65, 66, 252.

 

